1970324836974615|tttttttt|131729777411730827|0|1407374883553316|4|
1970324836974616|kojo|131729801662493956|0|1407374883553316|5|
1970324836974617|koemntar mshallat|131729803794448244|0|1407374883553320|5|
1970324836974618|1233123|131729833925997810|0|1407374883553316|5|
1970324836974619|213|131729834059220499|0|1407374883553320|0|
1970324836974620|1233w4adsf|131729834208755869|0|1407374883553316|0|
1970324836974621|1233w4adsf|131729834208805860|0|1407374883553320|0|
1970324836974622|asdas|131729834556406135|0|1407374883553320|0|
1970324836974624|safsd|131729837997055443|0|1407374883553320|5|
1970324836974625|456|131729838154491735|0|1407374883553316|3|
